24 8 17 19 18 22 21 5 15 1 6 14 7 20 12 25 27 13 3 10 9 16 23 2 4 26 11 0
     0   122   235   167    49    38   126     6   199     4    52   463   125   420    45   133     1   442   228   507    77    57    32    13    89    14   152     0
   102     0     5     3   109     0     1     0    79     5     1   176     5     2    84     0     1    97    25    31    74     2     1     0    15     0    46     0
   235     1     0    20   190     5     0   200   124     0    94   128    12    24   495    17     4   115    14   201   116     5     0     0    49     1   228     0
    72     9    20     0   380     6    27     4   293     4     0    31    17    21    94     5     1    66    16    20    68    23     9     1    47     1   331     0
   285    23   196   132     0    79    89    21    64     7     7   233   165   455    39    97    28   647   299   244    28   105    37   132    51     4  1240     0
    84     0    33     0    89     0     0     1    99     0     0    74     0     9   103     0     0    60     5    33    80     0     1     0    32     0    51     0
    79     4     4     6   173     3     0    73    67     0     0    51    12    72    44     1     0   136     6    22    60     0     1     0    19     1   278     0
   167     5     3     5   188     5     0     0   140     0     0    14    11    14   156     4     1    44     3    50    50     0     6     0    37     0   185     0
   120    64   304   137   102    91   188    10     0     1    13   250   166   763   277    70     6   135   332   311    40   182     2    13    24    48   142     0
    10     0     5     0    23     0     0     0     0     0     0     0     0     0    21     0     0     0     0     0    28     0     0     0     0     0     0     0
     7     1     0     3    85     3     3     0    39     0     0    11     1    21     4     1     0     5     4     4     3     0     3     0    16     0   145     0
   277     7    38    44   372    20    39     0   295     0    16     0    23    32   198    13     0    15    40   120   110    19     6     3   177    16   602     0
   223    55     3    10   224     3     5     2   201     0     2    12     0    76   127   180     0     8    14    61    61     0     0     0    18     4   187     0
   161     6   162   261   218    61   234    12   183     9    40    47    18     0   113     5    10    29   184   501    44    56     8     2    48     4   783     0
    54    63   104    79    30    36    45    11    62     2    27   206   218   661     0    88     2   390   133   128   243    80   102    15    36     4   223     0
   178     3    14     2   230     1     2    62   102     0     1   156     4    18   170     0     0   282    30    82    60     0     3     0    10     0   125     0
     0     0     0     0     2     0     0     0     0     0     0     0     0     1     0     0     0     0     0     0    85     0     0     0     0     0     2     0
   470    41    63    95   666    25    74    13   381     0    30    38    99    90   300    33     0     0   106   245   106    40    12     2   146     1   493     0
   112     9   128     8   248     7    11   149   257     0    35    53    55    42   148   157     5    11     0   508   183    15    22     0    49     0   345     0
   325     9    51    10   455    18    21   207   551     0     0    65    36    61   281     3     0   348    18     0   116    28    16     1   183     5   870     0
    55    62    77    55    66    13    47     7    67     0     1   194   100   195    14    77     1   228   198   179     0     7     0     3     7     3    76     0
    90     1     2     2   255     0     4     0   107     0     1    18     1    27    54     0     0    28     8     8     5     0     1     0    12     0   123     0
    77     2     1     8    67     4     0    45    65     0     3    12     3    25    36     1     0    23     6     1     0     0     0     0     8     0    74     0
     8     1    26     0     3     0     0     5    35     0     0     0     4     0     1    41     1     5     0    25     4     0     0     0     3     0    25     0
    12     8     7     5    19     1     4     1     7     0     0    16    23    13    19    12     0     8    20    14     1     0     3     0     0     2   913     0
     7     0     0     0    50     0     0     0     6     0     0     3     0     4     7     0     0     2     0     7     1     0     0     0     5     0    27     0
   586   368   797   514   414   335   192   259   368    55    36   231   378   153   212   597    29   445   868   376    89   128   196     2    27    11     0     0
     0     0     0     0     0     0     0     0     0     0     0     0     0     0     0     0     0     0     0     0     0     0     0     0     0     0     0     0
