Iteration: 184197
Temperature: 9.9996e-005
The current fitness is: 118462
The best fitness is: 118462
Running done
The best fitness is: 118462
The best solution is:
Array:
18 12 24 6 14 1 0 25 8 2 26 13 19 7 9 11 5 17 22 16 10 21 4 3 23 27 15 20 
Matrix:
0 -499 -467 -263 -419 -103 -35 -63 113 -4 57 488 213 571 251 338 24 730 532 850 358 317 191 71 319 74 152 0
102 0 -687 -393 -299 -137 -136 -106 -8 4 -1 221 85 140 279 80 5 401 219 330 239 56 33 7 141 13 276 0
235 1 0 -655 -476 -301 -293 1 -107 -9 74 44 17 65 596 161 20 382 328 526 531 185 46 51 300 23 533 0
72 30 20 0 -261 -318 -285 -243 91 -15 -56 -78 -34 44 197 102 6 260 256 319 340 122 108 19 212 13 645 0 
285 64 256 132 0 -496 -366 -383 -331 -21 -55 23 8 372 28 170 68 742 486 483 352 438 250 151 410 89 1552 0
84 46 127 51 89 0 -287 -286 -154 -26 -61 -71 -110 -32 119 46 6 145 140 221 197 24 42 11 96 5 332 0
79 56 110 95 256 3 0 -326 -240 -40 -91 -214 -140 -14 6 17 0 181 114 162 234 81 41 12 136 15 579 0 
167 67 131 117 351 69 0 0 -324 -34 -106 -288 -191 -168 31 -25 4 57 67 171 199 51 119 9 158 16 440 0
120 111 419 313 228 241 271 10 0 -75 -152 -304 -225 488 107 -36 12 63 324 374 179 361 137 115 238 84 388 0
10 7 32 12 46 3 7 1 0 0 -40 -73 -44 -34 9 -6 0 14 18 33 39 4 2 0 21 2 24 0
7 58 127 51 181 17 26 37 48 0 0 -188 -143 -82 -84 -47 -8 -27 17 37 40 7 44 1 33 0 207 0 
277 56 179 216 630 209 192 132 337 16 16 0 -518 -443 -155 -155 -16 -170 -35 79 158 147 117 50 343 48 772 0
223 90 115 182 454 99 155 176 368 9 34 12 0 -424 -225 -47 -35 -204 -116 -40 47 63 35 34 127 26 318 0
161 47 275 397 461 254 489 237 456 33 113 190 18 0 -484 -393 -43 -345 -97 297 -51 62 60 79 86 48 849 0 
54 100 188 205 226 217 244 264 372 41 100 457 379 661 0 -423 -68 -62 -262 -177 87 16 107 59 14 45 198 0
178 46 79 101 414 53 115 192 379 7 42 446 265 167 170 0 -105 -261 -386 -238 -125 -57 -15 19 -39 23 65 0
0 5 20 6 68 6 0 4 49 0 3 22 4 40 22 0 0 -102 -53 -57 56 -17 -3 1 -1 2 15 0
470 63 121 181 837 182 258 230 616 27 115 336 385 328 442 57 0 0 -592 -273 -276 -170 -102 -5 2 36 301 0 
112 28 179 79 350 125 161 322 495 18 101 346 349 314 346 321 22 11 0 -305 -368 -253 -131 -41 -154 6 124 0
325 20 80 63 552 124 155 335 719 33 105 269 299 320 540 197 55 508 18 0 -718 -405 -231 -70 -106 -17 508 0
55 71 97 91 119 73 119 103 174 39 40 345 268 398 227 291 89 421 326 179 0 -497 -345 -119 -393 -51 -388 0
90 8 21 20 293 24 54 51 156 4 7 97 67 133 166 103 6 144 142 76 5 0 -269 -131 -287 -53 -180 0 
77 10 14 18 88 32 34 89 104 2 44 72 35 89 104 38 0 98 105 74 29 0 0 -139 -336 -80 -140 0
8 3 34 10 21 10 12 9 50 0 1 19 31 31 40 64 1 47 46 64 26 11 0 0 -244 -55 -52 0
12 8 9 18 32 31 30 37 50 21 33 63 77 68 81 77 16 77 86 103 55 69 29 0 0 -204 230 0 
7 0 2 5 52 2 0 6 10 2 0 17 3 14 17 8 2 14 6 14 10 4 0 1 5 0 -82 0
586 368 797 514 414 335 192 259 368 55 36 231 378 153 212 597 29 445 868 376 89 128 196 2 27 11 0 0
0 0 0 0 0 0 0 0 0 0 0 0 0 0 0 0 0 0 0 0 0 0 0 0 0 0 0 0
done
time: 443812ms